119,111,114,100,100,121,0,0,0,0,0,0,0.0029323308270676695,worddy,category
119,111,114,100,100,121,0,0,0,0,0,0,0.0029323308270676695,worddy,category
49,50,51,52,53,54,55,56,57,49,50,51,0.01368421052631579,123456789123,category
49,50,51,52,53,54,55,56,57,49,50,51,0.01368421052631579,123456789123,category
116,104,105,115,32,105,115,32,103,111,105,110,103,32,116,111,32,98,101,32,97,32,98,105,103,32,119,111,114,100,0.021030122722201564,this is going to be a big word,category
116,104,105,115,32,105,115,32,103,111,105,110,103,32,116,111,32,98,101,32,97,32,98,105,103,32,119,111,114,100,0.021030122722201564,this is going to be a big word,category
116,104,105,115,32,105,115,32,103,111,105,110,103,32,116,111,32,98,101,32,97,32,98,105,103,32,119,111,114,100,0.021030122722201564,this is going to be a big word,category
116,104,105,115,32,105,115,32,103,111,105,110,103,32,116,111,32,98,101,32,97,32,98,105,103,32,119,111,114,100,0.021030122722201564,this is going to be a big word,category
116,104,105,115,0,0,0,0,0.0017727272727272728,this,category
116,104,105,115,0,0,0,0,0.0017727272727272728,this,category
116,104,105,115,0,0,0,0,0.0017727272727272728,this,category
0.0017727272727272728,this,category
116,104,105,115,0,0,0,0,0.0017727272727272728,this,category
116,104,105,115,0,0,0,0,0,0,0,0,0.0017727272727272728,this,category
116,104,105,115,105,115,97,108,111,110,103,119,111,114,100,100,101,102,105,110,105,116,101,108,121,0.014433752775721688,thisisalongworddefinitely,category
116,104,105,115,105,115,97,108,111,110,103,119,0.014433752775721688,thisisalongworddefinitely,category
0,0,0,0,0,0,0,0,0,0,0,0,NaN,,category
102,104,100,0,0,0,0,0,0,0,0,0,0.0012745098039215687,fhd,category
